n=1386;
plain_text=[1 0 0 1 1 1 0 1 1 0 1 0 0 1 1 1 0 1 1 1 0 1 1 0 1 0 0 1 1 1 0 0 1 0 1 1 1 0 1 0 1 0 1 1 1 0 0 1 1 1 1 1 1 0 1 0 1 1 1 1 0 0 1 0 1 0 0 0 0 0 1 1 1 0 1 0 0 1 1 0 0 1 0 1 1 1 0 1 0 1 1 1 1 1 0 0 1 1 1 1 1 0 1 0 0 0 1 0 0 0 0 0 1 1 0 1 0 1 0 1 1 0 0 1 0 1 1 1 1 0 0 1 1 1 1 1 0 1 0 0 0 1 0 0 0 0 0 1 1 1 0 1 1 1 1 1 1 1 0 0 1 1 1 0 1 1 1 0 1 1 0 1 0 0 1 1 1 0 1 0 1 1 1 1 0 1 0 0 1 1 1 0 0 1 0 1 1 1 0 1 1 0 1 0 1 0 0 0 0 0 1 1 0 0 1 0 0 1 1 1 1 0 1 0 1 1 0 1 0 0 1 1 1 0 0 0 0 1 1 1 0 1 1 0 0 1 1 0 0 0 0 1 1 1 0 1 1 1 0 1 1 0 1 0 0 1 1 1 0 0 0 0 1 0 1 0 0 0 0 0 1 1 0 0 1 0 0 1 1 0 0 1 0 1 1 1 0 1 1 0 1 1 1 0 1 1 1 1 1 1 0 0 1 0 0 1 1 1 0 1 0 1 1 1 0 1 1 0 0 1 1 0 0 0 0 1 1 1 1 0 1 0 0 1 1 0 1 1 1 1 1 1 1 0 0 1 0 1 1 0 0 0 0 1 0 1 0 0 0 0 0 1 1 1 0 0 1 1 1 1 1 1 0 0 1 1 1 0 0 1 1 1 1 1 0 1 1 1 0 1 1 0 0 0 0 1 1 1 0 1 1 0 0 1 1 1 0 1 0 1 0 1 0 0 0 0 0 1 0 0 0 1 1 0 1 0 1 0 0 1 1 1 0 0 1 0 1 1 0 1 0 1 1 1 0 0 1 0 0 0 0 0 1 0 1 1 0 1 0 1 1 1 0 0 1 0 1 1 0 1 1 1 1 1 1 0 0 1 0 0 1 1 0 1 1 0 0 1 1 0 0 1 0 1 1 1 0 1 1 0 1 0 1 0 0 0 0 0 1 1 0 0 1 0 0 1 1 0 0 0 0 1 1 1 0 1 1 1 0 1 1 1 1 0 0 1 1 1 0 0 0 1 1 1 1 0 1 0 0 0 0 1 0 0 0 0 0 1 1 0 1 0 1 0 1 1 0 0 1 0 1 1 1 1 0 0 1 1 1 1 1 0 1 0 0 0 1 0 0 0 0 0 1 1 1 0 0 0 0 1 1 0 1 1 0 0 1 1 0 1 0 0 1 1 1 0 1 0 1 1 0 1 0 0 0 0 0 1 1 0 0 1 0 0 1 1 1 1 0 1 0 1 1 1 0 1 1 1 1 1 0 1 0 0 1 1 1 0 0 1 0 1 1 1 0 1 0 1 1 1 1 0 1 1 1 1 1 1 1 0 1 1 1 1 1 1 1 0 0 1 0 1 0 0 0 0 0 1 0 1 0 1 1 1 1 0 0 0 0 0 1 1 0 1 0 1 1 0 1 0 0 0 1 0 1 0 1 0 0 0 0 0 1 1 1 0 1 1 1 0 1 0 0 0 0 0 1 1 0 0 1 1 0 1 1 0 1 1 1 1 1 1 1 0 0 1 0 1 1 0 1 1 0 1 1 1 0 0 0 0 1 1 1 0 0 0 1 1 1 1 0 1 0 0 1 1 1 0 0 1 0 1 0 1 0 0 0 0 0 1 0 1 0 0 0 0 1 0 0 0 0 1 1 1 0 0 1 1 0 1 0 1 0 0 0 0 0 0 1 0 1 0 0 0 1 1 0 0 0 1 0 1 1 0 0 1 0 1 1 1 1 1 0 1 0 0 1 0 0 0 0 0 1 1 0 1 0 1 1 1 1 0 1 1 1 1 1 1 0 1 1 0 1 1 1 1 0 0 0 0 1 1 1 0 0 1 0 1 1 0 0 1 0 1 1 1 1 0 0 1 1 1 1 0 1 0 1 0 1 1 0 1 0 0 1 0 1 0 1 0 0 1 0 1 0 1 1 1 0 0 1 0 0 0 0 0 1 0 0 0 1 0 0 1 1 0 1 1 1 1 0 1 0 0 0 0 0 1 1 1 0 0 1 1 1 1 1 0 1 0 0 1 1 1 0 1 1 1 1 1 0 1 1 1 1 1 1 1 0 0 1 0 1 1 1 1 0 1 0 1 1 0 0 1 0 1 1 1 0 1 1 1 0 1 1 0 1 0 0 1 1 1 0 0 0 0 1 0 1 0 0 0 0 0 1 1 1 0 0 1 1 1 1 1 1 0 0 1 1 1 0 0 1 1 1 1 1 0 1 1 1 0 1 1 0 0 0 0 1 1 1 0 1 1 0 0 1 1 0 1 1 1 1 1 1 1 0 1 1 1 0 1 0 0 0 0 0 1 1 1 0 1 0 0 1 1 0 0 1 0 1 1 1 1 0 0 1 1 1 1 1 0 1 0 0 1 1 0 1 1 1 1 1 1 1 0 1 1 1 1 1 1 1 0 0 1 1 1 0 0 0 1 1 1 1 0 1 0 0 0 0 1 0 0 0 0 0 1 1 1 0 1 1 1 1 1 1 1 0 0 1 1 1 0 1 0 1 1 1 1 0 1 1 1 1 1 1 1 0 0 1 0 1 1 1 1 0 1 0 1 1 1 1 0 0 1 1 1 1 0 0 1 1 1 1 1 0 1 0 0 1 1 0 0 0 0 1 1 1 0 1 1 1 0 1 1 0 1 1 1 1 0 1 0 0 0 0 0 1 1 1 0 0 0 0 1 1 0 0 0 0 1 1 1 0 1 0 1 1 1 1 0 1 0 0 1 1 1 0 0 1 0 1 1 1 1 0 1 0 0 0 1 0 0 0 0 0 1 0 0 1 1 0 1 1 0 0 0 0 0 1 1 0 1 0 1 0 0 1 0 0 1 1 0 0 1 0 0 0 0 0 1 1 0 0 0 0 1 0 0 1 0 1 1 1 0 ];